-0.9719140625
-0.97349609375
-0.9666796875
-0.959140625
-0.950546875
-0.949296875
-0.94294921875
-0.9290234375
-0.927265625
-0.9092578125
-0.90625
-0.8987890625
-0.89390625
-0.87181640625
-0.8578320312500001
-0.8312304687500001
-0.82640625
-0.8118359375
-0.81419921875
-0.79171875
-0.71669921875
-0.74287109375
-0.70109375
-0.6853125
-0.66205078125
-0.6262890625
-0.62828125
-0.6089453125000001
-0.56802734375
-0.5603515625000001
-0.5549609375
-0.51931640625
-0.48287109375000004
-0.4701953125
-0.4613671875
-0.46998046875
-0.44949218750000003
-0.44662109375000003
-0.44669921875
-0.447734375
-0.41806640625
-0.42294921875
-0.41029296875
-0.40173828125
-0.3841015625
-0.38525390625
-0.37197265625000003
-0.37875000000000003
-0.359296875
-0.34994140625000003
