0.060774878815138725
0.058028757543591866
0.062015829612450474
0.08220231161729878
0.08269452855952877
0.08372903967584835
0.09335910275458231
0.12668358709246047
0.10536669026818318
0.1450433252861072
0.1404963932381729
0.1312300657510585
0.14109359370944138
0.17661504875222628
0.19248046519532938
0.2752111758328564
0.23437820017383917
0.23880011359911033
0.21859101053619084
0.20587983304761506
0.35726883949887367
0.29652159043039356
0.3217852794450191
0.3466701461245408
0.3360355036777222
0.31554749962930556
0.305566020099483
0.26831776569839133
0.25038749943817395
0.24303821122345753
0.25213247985323434
0.2195271517235219
0.1763999026327247
0.21660312577525215
0.1542363209273244
0.1695397292461391
0.1293304098783356
0.15786881643145112
0.14683856744925333
0.12787976776829718
0.09275279153115491
0.10849109521786618
0.10708086535479552
0.09533743228566247
0.10439264827767959
0.08558350404902561
0.10968454505191588
0.08395955156223045
0.07791427232187106
0.07072737144615437
