0.9839257812500001
-0.985234375
0.98109375
0.9758203125
-0.970546875
0.9698828125
0.9662304687500001
0.9570898437500001
0.9547656250000001
0.939296875
-0.9391015625
0.93515625
-0.93283203125
-0.9116796875000001
0.89943359375
0.85822265625
-0.86798828125
0.8460546875
0.8640625000000001
0.841796875
0.16691406250000002
-0.49224609375
0.28064453125
-0.41201171875000003
0.0230859375
-0.28208984375
-0.09376953125
0.07888671875
-0.04126953125
-0.20736328125
-0.00353515625
0.05234375
0.02408203125
-0.00193359375
0.0158984375
-0.11654296875
0.0336328125
-0.08732421875
0.12076171875
-0.16615234375000001
0.07974609375
-0.06867187500000001
0.02134765625
0.0036914062500000002
0.00779296875
-0.043671875
0.06205078125
-0.016796875
-0.028554687500000002
-0.01255859375
