0.04273169025096981
0.03573876053747687
0.037490940008918124
0.06479824525523838
0.06657940337639875
0.07669245997400587
0.08343292161346165
0.11233826969446187
0.11734636668423482
0.2144139136797113
0.17289559467555357
0.15940308535435552
0.17385969155031372
0.3056816494567352
0.3524813346674907
1.3121671373253903
0.5619738181378072
0.8630279704211266
0.5002020159338223
0.4962673236605097
25.069553700622524
14.661856601112765
21.14654895187086
12.933385837411242
19.19511504889533
12.173975370964916
16.969123377071295
14.784166403789017
11.55851750128825
9.208415076037026
12.06865597033095
8.997553223003418
7.019126512862857
8.72216814781543
6.673433844960027
6.109092643792681
4.752929070103537
5.25701012162264
5.679492240728334
5.254877204186523
3.3034762737544945
3.3575933197982444
3.664294353019286
3.55410236347977
3.8734473286000117
3.2197995211908728
3.154660310363083
2.5775737813404387
2.154101798000025
2.32483067163607
