1.53
1.5657142857142858
1.6014285714285714
1.6371428571428572
1.6728571428571428
1.7085714285714286
1.7442857142857142
1.78
1.8157142857142858
1.8514285714285714
1.887142857142857
1.9228571428571428
1.9585714285714286
1.9942857142857142
2.0300000000000002
2.065714285714286
2.1014285714285714
2.137142857142857
2.1728571428571426
2.2085714285714286
2.244285714285714
2.2800000000000002
2.315714285714286
2.3514285714285714
2.387142857142857
2.4228571428571426
2.4585714285714286
2.494285714285714
2.5300000000000002
2.565714285714286
2.6014285714285714
2.637142857142857
2.6728571428571426
2.7085714285714286
2.744285714285714
2.7800000000000002
2.815714285714286
2.8514285714285714
2.887142857142857
2.9228571428571426
2.958571428571428
2.994285714285714
3.0300000000000002
3.065714285714286
3.1014285714285714
3.137142857142857
3.1728571428571426
3.208571428571428
3.244285714285714
3.28
